<?xml version="1.0"?>
<opencv_storage>
<images type_id="opencv-matrix">
  <rows>3</rows>
  <cols>600</cols>
  <dt>f</dt>
  <data>
    0. 0. 0. 0. 0. 13. 13. 255. 255. 255. 255. 255. 13. 13. 0. 0. 0. 0.
    0. 0. 0. 0. 0. 0. 38. 255. 255. 255. 255. 255. 255. 255. 255. 255.
    38. 0. 0. 0. 0. 0. 0. 0. 0. 64. 255. 255. 255. 255. 255. 191. 255.
    255. 255. 255. 255. 64. 64. 0. 0. 0. 0. 0. 89. 255. 255. 255. 166.
    166. 166. 0. 166. 166. 166. 255. 255. 255. 255. 0. 0. 0. 0. 115.
    255. 255. 255. 140. 0. 0. 0. 0. 0. 0. 0. 140. 255. 255. 255. 115. 0.
    0. 0. 255. 255. 255. 115. 0. 0. 0. 0. 0. 0. 0. 0. 0. 115. 255. 255.
    255. 0. 0. 166. 255. 255. 255. 0. 0. 0. 0. 0. 0. 0. 0. 0. 0. 0. 255.
    255. 255. 166. 0. 255. 255. 255. 255. 0. 0. 0. 0. 0. 0. 0. 0. 0. 0.
    0. 64. 255. 255. 255. 0. 255. 255. 255. 255. 0. 0. 0. 0. 0. 0. 0. 0.
    0. 0. 0. 0. 255. 255. 255. 0. 255. 255. 255. 255. 0. 0. 0. 0. 0. 0.
    0. 0. 0. 0. 0. 0. 255. 255. 255. 242. 255. 255. 255. 255. 0. 0. 0.
    0. 0. 0. 0. 0. 0. 0. 0. 0. 13. 255. 255. 255. 255. 255. 255. 255. 0.
    0. 0. 0. 0. 0. 0. 0. 0. 0. 0. 0. 255. 255. 255. 255. 191. 255. 255.
    255. 0. 0. 0. 0. 0. 0. 0. 0. 0. 0. 0. 64. 255. 255. 255. 255. 0.
    255. 255. 255. 89. 0. 0. 0. 0. 0. 0. 0. 0. 0. 89. 255. 255. 255.
    255. 255. 0. 140. 255. 255. 255. 115. 0. 0. 0. 0. 0. 0. 115. 115.
    255. 255. 255. 255. 255. 255. 0. 0. 115. 255. 255. 255. 140. 140.
    140. 0. 140. 140. 255. 255. 255. 255. 115. 255. 255. 255. 0. 0. 0.
    89. 255. 255. 255. 255. 255. 166. 255. 255. 255. 255. 255. 89. 0.
    255. 255. 255. 0. 0. 0. 0. 64. 255. 255. 255. 255. 255. 255. 255.
    255. 64. 64. 0. 0. 255. 255. 255. 0. 0. 0. 0. 0. 38. 38. 255. 255.
    255. 255. 38. 38. 0. 0. 0. 0. 255. 255. 255. 0. 0. 0. 0. 0. 0. 0.
    13. 13. 13. 13. 0. 0. 0. 0. 0. 0. 255. 255. 255. 0. 0. 0. 0. 0. 0.
    0. 0. 0. 0. 0. 0. 0. 0. 0. 0. 255. 255. 255. 242. 0. 0. 0. 0. 0. 0.
    0. 0. 0. 0. 0. 0. 0. 0. 0. 38. 255. 255. 255. 0. 0. 0. 0. 0. 0. 0.
    0. 0. 0. 0. 0. 0. 0. 0. 64. 255. 255. 255. 191. 0. 0. 0. 0. 0. 0. 0.
    0. 0. 0. 0. 0. 0. 0. 89. 255. 255. 255. 166. 0. 0. 0. 0. 0. 0. 0. 0.
    0. 0. 0. 0. 0. 0. 115. 255. 255. 255. 255. 0. 0. 0. 0. 140. 140. 0.
    0. 0. 0. 0. 0. 0. 140. 140. 255. 255. 255. 255. 115. 0. 0. 0. 166.
    255. 255. 166. 166. 166. 166. 166. 166. 166. 255. 255. 255. 255.
    255. 89. 0. 0. 0. 0. 255. 255. 255. 255. 255. 255. 255. 255. 255.
    255. 255. 255. 255. 64. 64. 0. 0. 0. 0. 0. 38. 255. 255. 255. 255.
    255. 255. 255. 255. 255. 255. 38. 38. 0. 0. 0. 0. 0. 0. 0. 0. 13.
    255. 255. 255. 255. 255. 255. 13. 13. 13. 0. 0. 0. 0. 0. 0. 0. 0. 0.
    0. 0. 0. 0. 0. 13. 13. 255. 255. 255. 255. 255. 13. 13. 13. 0. 0. 0.
    0. 0. 0. 0. 0. 0. 38. 255. 255. 255. 255. 255. 255. 255. 255. 255.
    255. 38. 0. 0. 0. 0. 0. 0. 0. 64. 255. 255. 255. 255. 255. 255. 255.
    255. 255. 255. 255. 255. 64. 0. 0. 0. 0. 0. 89. 255. 255. 255. 166.
    166. 166. 166. 166. 166. 166. 166. 255. 255. 255. 89. 0. 0. 0. 115.
    255. 255. 255. 140. 0. 0. 0. 0. 0. 0. 0. 0. 140. 255. 255. 255. 115.
    0. 0. 255. 255. 255. 255. 0. 0. 0. 0. 0. 0. 0. 0. 0. 0. 255. 255.
    255. 255. 0. 0. 255. 255. 255. 89. 0. 0. 0. 0. 0. 0. 0. 0. 0. 0. 89.
    255. 255. 255. 0. 191. 255. 255. 255. 0. 0. 0. 0. 0. 0. 0. 0. 0. 0.
    0. 0. 255. 255. 255. 0. 255. 255. 255. 255. 0. 0. 0. 0. 0. 0. 0. 0.
    0. 0. 0. 0. 255. 255. 255. 0. 13. 255. 255. 255. 0. 0. 0. 0. 0. 0.
    0. 0. 0. 0. 0. 0. 255. 255. 255. 0. 0. 255. 255. 255. 13. 0. 0. 0.
    0. 0. 0. 0. 0. 0. 0. 13. 255. 255. 255. 0. 0. 217. 255. 255. 255.
    38. 0. 0. 0. 0. 0. 0. 0. 0. 38. 255. 255. 255. 217. 0. 0. 0. 191.
    255. 255. 255. 64. 64. 0. 0. 0. 0. 64. 64. 255. 255. 255. 191. 0. 0.
    0. 0. 0. 166. 255. 255. 255. 255. 89. 89. 89. 89. 255. 255. 255.
    255. 166. 0. 0. 0. 0. 0. 0. 0. 255. 255. 255. 255. 255. 255. 255.
    255. 255. 255. 255. 255. 0. 0. 0. 0. 0. 0. 0. 140. 255. 255. 255.
    115. 115. 255. 255. 115. 115. 255. 255. 255. 140. 0. 0. 0. 0. 0.
    166. 255. 255. 89. 89. 0. 0. 89. 89. 0. 0. 89. 255. 255. 255. 166.
    0. 0. 0. 191. 255. 255. 255. 0. 0. 0. 0. 0. 0. 0. 0. 0. 64. 255.
    255. 255. 191. 0. 217. 255. 255. 255. 38. 0. 0. 0. 0. 0. 0. 0. 0. 0.
    0. 38. 255. 255. 255. 0. 255. 255. 255. 255. 0. 0. 0. 0. 0. 0. 0. 0.
    0. 0. 0. 0. 255. 255. 255. 242. 255. 255. 255. 0. 0. 0. 0. 0. 0. 0.
    0. 0. 0. 0. 0. 0. 242. 255. 255. 255. 255. 255. 255. 0. 0. 0. 0. 0.
    0. 0. 0. 0. 0. 0. 0. 0. 0. 255. 255. 255. 255. 255. 255. 64. 0. 0.
    0. 0. 0. 0. 0. 0. 0. 0. 0. 0. 64. 255. 255. 255. 255. 255. 255. 255.
    0. 0. 0. 0. 0. 0. 0. 0. 0. 0. 0. 0. 255. 255. 255. 166. 140. 255.
    255. 255. 115. 0. 0. 0. 0. 0. 0. 0. 0. 0. 0. 115. 255. 255. 255. 0.
    0. 115. 255. 255. 255. 140. 0. 0. 0. 0. 0. 0. 0. 0. 140. 255. 255.
    255. 115. 0. 0. 0. 255. 255. 255. 255. 166. 166. 166. 166. 166. 166.
    166. 166. 255. 255. 255. 255. 0. 0. 0. 0. 64. 64. 255. 255. 255.
    255. 255. 255. 255. 255. 255. 255. 255. 255. 64. 64. 0. 0. 0. 0. 0.
    0. 38. 255. 255. 255. 255. 255. 255. 255. 255. 255. 255. 38. 0. 0.
    0. 0. 0. 0. 0. 0. 0. 13. 13. 255. 255. 255. 255. 255. 13. 13. 13. 0.
    0. 0. 0. 0. 0. 31. 255. 255. 255. 255. 255. 255. 255. 255. 255. 255.
    255. 255. 255. 255. 255. 255. 255. 19. 43. 255. 255. 255. 255. 255.
    255. 255. 255. 255. 255. 255. 255. 255. 255. 255. 255. 255. 255.
    255. 255. 255. 255. 255. 241. 191. 212. 255. 255. 255. 255. 255.
    255. 212. 191. 191. 244. 255. 255. 255. 255. 255. 255. 239. 128. 0.
    54. 166. 166. 166. 166. 166. 166. 54. 0. 0. 210. 255. 255. 255. 143.
    255. 255. 210. 0. 0. 0. 0. 0. 0. 0. 0. 0. 0. 0. 0. 210. 255. 255.
    143. 6. 255. 237. 95. 0. 0. 0. 0. 0. 0. 0. 0. 0. 0. 0. 0. 210. 255.
    255. 6. 2. 89. 78. 0. 0. 0. 0. 0. 0. 0. 0. 0. 0. 0. 0. 128. 239.
    255. 255. 6. 0. 0. 0. 0. 0. 0. 0. 0. 0. 0. 0. 0. 0. 0. 0. 197. 255.
    255. 78. 2. 0. 0. 0. 0. 0. 0. 0. 0. 0. 0. 0. 0. 0. 0. 0. 197. 255.
    255. 19. 0. 0. 0. 0. 0. 0. 0. 0. 0. 0. 0. 0. 0. 0. 0. 176. 252. 255.
    255. 19. 0. 0. 0. 0. 0. 0. 0. 0. 0. 0. 0. 0. 0. 0. 0. 185. 255. 255.
    32. 0. 0. 0. 0. 0. 0. 0. 0. 0. 0. 0. 0. 0. 0. 0. 26. 195. 255. 255.
    32. 0. 0. 0. 0. 0. 0. 0. 0. 0. 0. 0. 0. 0. 0. 0. 172. 255. 255. 202.
    24. 0. 0. 0. 0. 0. 0. 0. 0. 0. 0. 0. 0. 0. 0. 0. 172. 255. 255. 44.
    0. 0. 0. 0. 0. 0. 0. 0. 0. 0. 0. 0. 0. 0. 0. 72. 209. 255. 255. 45.
    0. 0. 0. 0. 0. 0. 0. 0. 0. 0. 0. 0. 0. 0. 0. 159. 255. 255. 255. 45.
    0. 0. 0. 0. 0. 0. 0. 0. 0. 0. 0. 0. 0. 0. 0. 159. 255. 255. 127. 16.
    0. 0. 0. 0. 0. 0. 0. 0. 0. 0. 0. 0. 0. 0. 110. 231. 255. 255. 57. 0.
    0. 0. 0. 0. 0. 0. 0. 0. 0. 0. 0. 0. 0. 0. 146. 255. 255. 255. 57. 0.
    0. 0. 0. 0. 0. 0. 0. 0. 0. 0. 0. 0. 0. 0. 147. 255. 255. 79. 3. 0.
    0. 0. 0. 0. 0. 0. 0. 0. 0. 0. 0. 0. 0. 134. 255. 255. 255. 70. 0. 0.
    0. 0. 0. 0. 0. 0. 0. 0. 0. 0. 0. 0. 0. 134. 255. 255. 229. 60. 0. 0.
    0. 0. 0. 0. 0. 0. 0. 0. 0. 0. 0. 0. 0. 134. 255. 255. 83. 0. 0. 0.
    0. 0. 0. 0. 0. 0. 0. 0. 0. 0. 0. 0. 42. 176. 255. 255. 83. 0. 0. 0.
    0. 0. 0. 0. 0. 0. 0. 0. 0. 0. 0. 0. 121. 255. 255. 183. 46. 0. 0. 0.
    0. 0. 0. 0. 0. 0. 0. 0. 0. 0. 0. 0. 121. 255. 255. 96. 0. 0. 0. 0.
    0. 0. 0. 0. 0. 0. 0. 0. 0. 0. 0. 70. 208. 255. 255. 95. 0. 0. 0. 0.
    0. 0. 0. 0. 0. 0. 0. 0. 0. 0. 0. 108. 255. 255. 255. 95. 0. 0. 0. 0.
    0. 0. 0. 0. 0. 0. 0. 0. 0. 0. 0. 108. 255. 255. 255. 96. 0. 0. 0. 0.
    0. 0. 0. 0. 0. 0. 0. 0. 0. 0. 0. 5. 128. 255. 115. 5. 0. 0. 0. 0. 0.
    0. 0.</data></images>
</opencv_storage>
