<?xml version="1.0"?>
<opencv_storage>
<images type_id="opencv-matrix">
  <rows>10</rows>
  <cols>600</cols>
  <dt>f</dt>
  <data>
    255. 255. 255. 255. 255. 255. 255. 255. 255. 255. 255. 255. 255.
    255. 255. 255. 255. 255. 255. 255. 255. 255. 255. 255. 255. 255.
    255. 255. 255. 255. 255. 255. 255. 255. 255. 255. 255. 255. 255.
    255. 255. 255. 255. 255. 255. 255. 255. 255. 255. 255. 255. 255.
    255. 255. 255. 255. 255. 255. 255. 255. 255. 255. 255. 255. 255.
    255. 255. 255. 255. 255. 255. 255. 255. 255. 255. 255. 255. 255.
    255. 255. 255. 255. 255. 255. 255. 255. 255. 255. 255. 255. 255.
    255. 127. 255. 255. 255. 255. 255. 255. 255. 0. 0. 0. 0. 0. 0. 0. 0.
    0. 0. 0. 0. 0. 19. 255. 255. 255. 255. 255. 57. 0. 0. 0. 0. 0. 0. 0.
    0. 0. 0. 0. 0. 0. 161. 255. 255. 255. 255. 205. 23. 0. 0. 0. 0. 0.
    0. 0. 0. 0. 0. 0. 0. 0. 255. 255. 255. 255. 255. 172. 0. 0. 0. 0. 0.
    0. 0. 0. 0. 0. 0. 0. 0. 159. 255. 255. 255. 255. 255. 0. 0. 0. 0. 0.
    0. 0. 0. 0. 0. 0. 0. 0. 36. 236. 255. 255. 255. 255. 76. 0. 0. 0. 0.
    0. 0. 0. 0. 0. 0. 0. 0. 0. 255. 255. 255. 255. 255. 233. 25. 0. 0.
    0. 0. 0. 0. 0. 0. 0. 0. 0. 0. 111. 255. 255. 255. 255. 255. 147. 0.
    0. 0. 0. 0. 0. 0. 0. 0. 0. 0. 0. 0. 185. 255. 255. 255. 255. 255. 0.
    0. 0. 0. 0. 0. 0. 0. 0. 0. 0. 0. 0. 28. 213. 255. 255. 255. 255.
    255. 0. 0. 0. 0. 0. 0. 0. 0. 0. 0. 0. 0. 0. 70. 255. 255. 255. 255.
    255. 56. 0. 0. 0. 0. 0. 0. 0. 0. 0. 0. 0. 0. 0. 255. 255. 255. 255.
    255. 121. 0. 0. 0. 0. 0. 0. 0. 0. 0. 0. 0. 0. 0. 126. 255. 255. 255.
    255. 255. 121. 0. 0. 0. 0. 0. 0. 0. 0. 0. 0. 0. 0. 0. 210. 255. 255.
    255. 255. 236. 0. 0. 0. 0. 0. 0. 0. 0. 0. 0. 0. 0. 0. 95. 255. 255.
    255. 255. 255. 142. 0. 0. 0. 0. 0. 0. 0. 0. 0. 0. 0. 0. 0. 223. 255.
    255. 255. 255. 255. 0. 0. 0. 0. 0. 0. 0. 0. 0. 0. 0. 0. 0. 47. 255.
    255. 255. 255. 255. 95. 0. 0. 0. 0. 0. 0. 0. 0. 0. 0. 0. 0. 0. 236.
    255. 255. 255. 255. 228. 38. 0. 0. 0. 0. 0. 0. 0. 0. 0. 0. 0. 0.
    121. 255. 255. 255. 255. 255. 210. 0. 0. 0. 0. 0. 0. 0. 0. 0. 0. 0.
    0. 3. 174. 255. 255. 255. 255. 255. 0. 0. 0. 0. 0. 0. 0. 0. 0. 0. 0.
    0. 0. 6. 255. 255. 255. 255. 255. 107. 0. 0. 0. 0. 0. 0. 0. 0. 0. 0.
    0. 0. 0. 255. 255. 255. 255. 255. 241. 56. 0. 0. 0. 0. 0. 0. 0. 0.
    0. 0. 0. 0. 88. 255. 255. 255. 255. 255. 185. 0. 0. 0. 0. 0. 0. 0.
    0. 0. 0. 0. 0. 32. 255. 255. 255. 255. 255. 255. 185. 0. 0. 0. 0. 0.
    0. 0. 0. 0. 0. 0. 0. 32. 255. 255. 255. 255. 255. 255. 0. 0. 0. 0.
    0. 0. 0. 0. 0. 0. 0. 0. 0. 6. 168. 51. 51. 51. 51. 51. 0. 0. 0. 0.
    0. 0. 0. 0. 0. 0. 0. 0. 0. 0. 0. 0. 0. 0. 0. 51. 51. 102. 255. 255.
    255. 255. 255. 255. 255. 0. 0. 0. 0. 0. 0. 0. 0. 38. 153. 255. 255.
    255. 255. 255. 255. 255. 255. 255. 255. 0. 0. 0. 0. 0. 0. 0. 191.
    255. 255. 255. 255. 255. 255. 255. 255. 255. 255. 255. 255. 0. 0. 0.
    0. 0. 76. 255. 255. 255. 255. 255. 255. 255. 255. 255. 255. 255.
    255. 255. 255. 0. 0. 0. 0. 0. 191. 255. 255. 255. 255. 255. 255.
    204. 51. 51. 51. 51. 51. 51. 51. 0. 0. 0. 0. 102. 255. 255. 255.
    255. 255. 153. 0. 0. 0. 0. 0. 0. 0. 0. 0. 0. 0. 0. 0. 255. 255. 255.
    255. 255. 140. 0. 0. 0. 0. 0. 0. 0. 0. 0. 0. 0. 0. 0. 191. 255. 255.
    255. 255. 191. 0. 0. 0. 0. 0. 0. 0. 0. 0. 0. 0. 0. 0. 0. 191. 255.
    255. 255. 255. 115. 0. 0. 0. 0. 0. 0. 0. 0. 0. 0. 0. 0. 0. 51. 242.
    255. 255. 255. 255. 0. 0. 0. 0. 0. 0. 0. 0. 0. 0. 0. 0. 0. 0. 64.
    255. 255. 255. 255. 64. 0. 0. 0. 0. 0. 0. 0. 0. 0. 0. 0. 0. 0. 0.
    64. 255. 255. 255. 255. 64. 0. 0. 38. 153. 153. 153. 153. 153. 0. 0.
    0. 0. 0. 0. 255. 255. 255. 255. 255. 64. 0. 191. 255. 255. 255. 255.
    255. 255. 255. 255. 0. 0. 0. 0. 255. 255. 255. 255. 255. 255. 255.
    255. 255. 255. 255. 255. 255. 255. 255. 255. 217. 102. 0. 0. 255.
    255. 255. 255. 255. 255. 255. 255. 255. 255. 255. 255. 255. 255.
    255. 255. 255. 255. 0. 0. 255. 255. 255. 255. 255. 255. 255. 255.
    204. 204. 204. 204. 217. 255. 255. 255. 255. 255. 204. 13. 255. 255.
    255. 255. 255. 255. 217. 102. 0. 0. 0. 0. 25. 217. 255. 255. 255.
    255. 255. 64. 255. 255. 255. 255. 255. 64. 0. 0. 0. 0. 0. 0. 0. 0.
    255. 255. 255. 255. 255. 64. 255. 255. 255. 255. 255. 64. 0. 0. 0.
    0. 0. 0. 0. 0. 64. 255. 255. 255. 255. 140. 255. 255. 255. 255. 255.
    64. 0. 0. 0. 0. 0. 0. 0. 0. 64. 255. 255. 255. 255. 255. 217. 255.
    255. 255. 255. 64. 0. 0. 0. 0. 0. 0. 0. 0. 64. 255. 255. 255. 255.
    255. 64. 255. 255. 255. 255. 178. 0. 0. 0. 0. 0. 0. 0. 0. 64. 255.
    255. 255. 255. 255. 64. 255. 255. 255. 255. 255. 0. 0. 0. 0. 0. 0.
    0. 0. 64. 255. 255. 255. 255. 64. 38. 229. 255. 255. 255. 255. 76.
    0. 0. 0. 0. 0. 0. 0. 255. 255. 255. 255. 255. 64. 0. 191. 255. 255.
    255. 255. 242. 51. 0. 0. 0. 0. 0. 153. 255. 255. 255. 255. 204. 13.
    0. 0. 255. 255. 255. 255. 255. 255. 51. 51. 51. 51. 255. 255. 255.
    255. 255. 255. 153. 0. 0. 0. 140. 255. 255. 255. 255. 255. 255. 255.
    255. 255. 255. 255. 255. 255. 255. 140. 0. 0. 0. 0. 0. 191. 255.
    255. 255. 255. 255. 255. 255. 255. 255. 255. 255. 255. 191. 0. 0. 0.
    0. 0. 0. 0. 153. 229. 255. 255. 255. 255. 255. 255. 255. 255. 229.
    153. 0. 0. 0. 0. 0. 0. 0. 0. 0. 38. 102. 255. 255. 255. 255. 255.
    204. 51. 38. 0. 0. 0. 0. 0. 44. 255. 255. 255. 255. 255. 255. 255.
    255. 255. 255. 255. 255. 255. 255. 255. 255. 255. 158. 9. 18. 182.
    255. 255. 255. 255. 255. 255. 255. 255. 255. 255. 255. 255. 255.
    255. 255. 255. 182. 18. 0. 134. 255. 255. 255. 255. 255. 255. 255.
    255. 255. 255. 255. 255. 255. 255. 255. 255. 134. 0. 0. 134. 255.
    255. 255. 255. 255. 255. 255. 255. 255. 255. 255. 255. 255. 255.
    255. 255. 182. 18. 0. 134. 255. 255. 255. 255. 255. 255. 255. 255.
    255. 255. 255. 255. 255. 255. 255. 255. 158. 9. 0. 134. 255. 255.
    255. 255. 0. 0. 0. 0. 0. 0. 0. 0. 0. 0. 0. 0. 0. 0. 0. 134. 255.
    255. 255. 255. 111. 0. 0. 0. 0. 0. 0. 0. 0. 0. 0. 0. 0. 0. 0. 134.
    255. 255. 255. 255. 185. 0. 0. 0. 0. 0. 0. 0. 0. 0. 0. 0. 0. 0. 0.
    134. 255. 255. 255. 255. 185. 0. 0. 0. 0. 0. 0. 0. 0. 0. 0. 0. 0. 0.
    0. 134. 255. 255. 255. 255. 185. 0. 0. 0. 0. 0. 0. 0. 0. 0. 0. 0. 0.
    0. 0. 134. 255. 255. 255. 255. 0. 0. 0. 0. 0. 0. 0. 0. 0. 0. 0. 0.
    0. 0. 0. 134. 255. 255. 255. 255. 153. 153. 153. 153. 153. 153. 96.
    0. 0. 0. 0. 0. 0. 0. 0. 134. 255. 255. 255. 255. 255. 255. 255. 255.
    255. 255. 255. 255. 255. 147. 0. 0. 0. 0. 0. 134. 255. 255. 255.
    255. 255. 255. 255. 255. 255. 255. 255. 255. 255. 255. 255. 89. 0.
    0. 36. 231. 255. 255. 255. 255. 255. 255. 255. 255. 255. 255. 255.
    255. 255. 255. 255. 248. 107. 0. 36. 204. 204. 204. 204. 204. 204.
    204. 204. 204. 204. 255. 255. 255. 255. 255. 255. 255. 255. 44. 0.
    0. 0. 0. 0. 0. 0. 0. 0. 0. 0. 102. 159. 255. 255. 255. 255. 255.
    255. 171. 0. 0. 0. 0. 0. 0. 0. 0. 0. 0. 0. 0. 0. 185. 255. 255. 255.
    255. 255. 255. 0. 0. 0. 0. 0. 0. 0. 0. 0. 0. 0. 0. 0. 0. 255. 255.
    255. 255. 255. 255. 0. 0. 0. 0. 0. 0. 0. 0. 0. 0. 0. 0. 0. 0. 255.
    255. 255. 255. 255. 255. 0. 0. 0. 0. 0. 0. 0. 0. 0. 0. 0. 0. 0. 0.
    255. 255. 255. 255. 255. 255. 0. 0. 0. 0. 0. 0. 0. 0. 0. 0. 0. 0. 0.
    0. 255. 255. 255. 255. 255. 255. 0. 0. 0. 0. 0. 0. 0. 0. 0. 0. 0. 0.
    0. 0. 255. 255. 255. 255. 255. 255. 0. 0. 0. 0. 0. 0. 0. 0. 0. 0. 0.
    0. 0. 74. 255. 255. 255. 255. 255. 171. 0. 0. 0. 0. 0. 0. 0. 0. 0.
    0. 0. 0. 76. 241. 255. 255. 255. 255. 255. 44. 255. 255. 255. 51.
    51. 51. 51. 51. 51. 51. 189. 255. 255. 255. 255. 255. 255. 248. 107.
    0. 128. 255. 255. 255. 255. 255. 255. 255. 255. 255. 255. 255. 255.
    255. 255. 255. 255. 89. 0. 0. 45. 255. 255. 255. 255. 255. 255. 255.
    255. 255. 255. 255. 255. 255. 255. 255. 57. 0. 0. 0. 128. 255. 255.
    255. 255. 255. 255. 255. 255. 255. 255. 255. 255. 255. 153. 88. 0.
    0. 0. 0. 87. 255. 255. 255. 255. 255. 255. 255. 255. 255. 255. 51.
    51. 51. 0. 0. 0. 0. 0. 0. 0. 0. 0. 0. 0. 0. 0. 0. 0. 83. 255. 255.
    255. 255. 255. 255. 70. 0. 0. 0. 0. 0. 0. 0. 0. 0. 0. 0. 0. 255.
